274 9
274 11
376 69
233 234
364 47
267 67
202 266
202 291
202 110
203 103
203 204
203 205
203 206
203 207
203 208
204 42
205 41
205 77
205 78
206 43
206 37
206 39
207 102
207 40
208 38
209 194
210 211
211 86
212 70
213 13
216 187
217 28
218 161
218 166
220 1
220 2
221 3
222 223
223 18
225 282
225 380
225 326
226 227
227 151
227 152
227 153
227 154
227 155
227 156
227 157
229 353
229 335
230 83
234 104
236 94
237 226
237 238
237 239
238 363
239 281
239 277
239 278
239 279
239 280
382 35
241 54
241 14
241 15
241 16
242 106
243 228
243 201
243 244
243 245
243 246
243 247
243 248
243 249
243 250
243 251
243 252
243 253
243 224
244 345
244 219
245 309
245 334
246 329
247 365
248 371
248 320
316 181
251 210
253 231
254 257
254 258
254 259
254 260
254 261
254 262
254 233
254 235
254 255
254 256
255 337
255 338
255 339
255 241
214 162
214 180
257 355
257 356
257 357
257 358
257 330
257 307
257 340
257 214
257 218
257 316
257 317
258 292
259 359
259 360
259 361
259 331
259 240
259 274
259 213
259 215
260 295
260 263
260 362
260 364
260 286
260 382
261 293
215 88
263 48
264 84
266 33
266 31
266 32
268 267
268 212
268 375
268 376
269 44
270 366
271 145
272 58
273 327
273 333
273 372
273 373
273 374
273 216
275 196
275 199
276 198
277 107
277 108
277 29
277 30
278 93
279 75
280 73
281 74
283 63
285 81
287 80
289 290
289 92
290 105
290 22
291 4
292 118
293 20
294 143
295 56
296 82
296 79
297 130
298 129
298 125
299 120
300 113
300 121
300 123
300 124
300 126
300 128
301 76
302 127
303 115
303 116
303 117
303 119
304 131
305 148
305 21
306 122
306 132
306 133
307 163
307 164
307 165
307 167
307 169
307 171
307 109
307 174
307 175
307 176
307 182
307 158
307 160
308 222
309 237
309 308
309 310
309 311
309 312
309 254
310 319
311 322
311 332
312 354
312 341
312 383
284 114
314 283
314 343
314 264
315 352
315 271
315 294
315 351
315 328
224 225
317 99
318 5
318 6
318 7
319 377
319 265
319 325
319 350
320 321
321 370
321 318
321 242
321 272
322 323
322 324
322 209
322 275
322 276
322 288
323 195
324 193
326 52
327 188
328 146
328 141
328 144
329 378
329 379
329 367
330 177
331 12
332 217
333 36
334 203
335 230
336 85
337 139
337 140
338 17
339 57
340 159
341 342
342 185
342 186
343 65
343 66
343 59
343 60
343 61
343 62
343 64
344 149
345 346
346 45
347 134
348 349
349 71
349 72
350 138
351 142
352 147
353 285
353 287
353 296
354 347
355 178
356 170
356 200
356 168
357 183
357 184
231 232
359 10
360 97
360 98
360 95
360 96
361 49
362 34
363 111
363 112
232 100
232 101
365 289
366 25
366 23
366 24
367 46
367 87
368 19
369 150
370 8
371 313
371 348
372 189
372 191
373 192
374 190
375 68
252 269
252 270
377 136
378 90
379 89
380 53
381 91
235 236
383 369
383 381
383 344
383 368
219 220
219 221
240 26
240 27
249 268
250 273
358 179
358 172
358 173
256 336
262 297
262 298
262 299
262 300
262 301
262 302
262 303
262 304
262 305
262 306
262 284
282 50
282 51
228 229
286 55
265 135
288 197
313 314
313 315
201 202
325 137
