352 81
244 177
245 162
245 180
202 75
203 91
205 105
205 22
207 63
206 207
206 208
206 209
206 210
206 211
206 212
206 213
206 214
209 142
210 84
211 147
213 65
213 66
213 59
213 60
213 61
213 62
213 64
214 146
214 141
214 144
216 53
217 52
218 50
218 51
208 145
221 8
224 225
225 339
225 293
225 334
226 227
227 92
227 205
228 68
229 3
231 118
233 127
235 129
235 125
236 41
236 77
236 78
237 238
237 239
237 240
237 241
237 242
237 243
237 244
237 245
237 246
237 247
237 220
238 181
239 179
239 172
239 173
240 170
240 200
240 168
241 99
242 163
242 164
242 165
242 167
242 169
242 171
242 109
242 174
242 175
242 176
242 182
242 158
242 160
243 161
243 166
246 178
247 183
247 184
249 67
250 25
250 23
250 24
252 18
253 249
253 204
253 254
253 228
255 256
256 28
258 88
259 13
260 12
215 217
215 218
215 216
263 49
264 9
264 11
265 253
266 267
266 268
266 269
266 232
267 57
268 54
268 14
268 15
268 16
269 17
271 94
272 273
273 335
273 251
273 351
273 352
275 138
276 136
277 137
280 233
280 201
280 235
280 281
280 282
280 283
280 284
280 285
280 286
280 287
280 288
281 130
282 115
282 116
282 117
282 119
283 76
284 148
284 21
285 113
285 121
285 123
285 124
285 126
285 128
286 131
287 120
288 122
288 132
288 133
290 364
291 74
220 159
295 151
295 152
295 153
295 154
295 155
295 156
295 157
296 257
296 297
296 266
296 298
296 299
296 300
296 270
296 301
296 302
296 303
296 237
296 304
296 305
296 306
296 307
296 308
296 280
296 274
296 309
296 310
296 255
297 328
298 202
298 291
298 333
298 362
298 363
299 319
300 354
300 355
300 292
300 103
300 236
300 312
301 330
301 332
301 336
301 337
301 278
301 279
302 252
303 331
304 325
305 357
305 326
305 327
305 360
305 341
305 311
306 248
307 295
308 231
309 321
309 203
309 222
309 320
310 340
311 198
312 42
313 314
313 315
314 44
315 250
316 188
317 106
318 192
319 85
320 149
321 19
322 323
322 324
323 294
324 229
324 223
325 20
326 196
326 199
327 193
328 104
329 4
330 35
331 185
331 186
332 56
333 107
333 108
333 29
333 30
334 89
335 83
336 47
337 34
338 100
338 101
339 46
339 87
340 134
341 197
342 221
342 344
342 343
342 317
343 58
344 5
344 6
344 7
345 338
346 215
347 318
347 316
347 219
347 348
347 349
347 350
348 36
349 189
349 191
350 190
351 80
230 26
230 27
353 347
354 102
354 40
355 38
356 345
357 194
358 359
359 71
359 72
360 195
361 33
361 31
361 32
362 73
363 93
232 139
232 140
365 361
365 329
365 110
366 206
366 358
366 342
367 353
367 322
367 289
367 356
367 226
367 296
367 265
367 366
367 272
367 368
367 313
367 346
367 224
368 365
270 271
222 150
248 111
248 112
223 1
223 2
261 97
261 98
261 95
261 96
262 10
257 258
257 259
257 260
257 261
257 262
257 230
257 263
257 264
274 234
274 275
274 276
274 277
251 82
251 79
254 70
279 48
364 86
289 290
292 43
292 37
292 39
293 90
294 45
278 55
201 114
204 69
212 143
234 135
219 187
