201 161
201 166
202 203
202 204
203 261
203 280
204 243
205 206
206 111
206 112
207 115
207 116
207 117
207 119
208 209
209 375
209 376
210 211
210 212
210 213
210 214
211 189
211 191
212 190
213 187
214 192
215 216
216 25
216 23
216 24
217 81
218 181
219 220
220 86
221 198
222 151
222 152
222 153
222 154
222 155
222 156
222 157
223 224
224 392
225 5
225 6
225 7
226 227
227 100
227 101
228 38
229 70
230 231
230 232
231 238
232 324
232 295
232 360
232 361
232 362
232 333
233 234
234 33
234 31
234 32
235 236
235 237
236 345
237 217
237 411
237 288
238 398
239 90
240 241
240 242
241 319
242 225
242 311
242 304
243 268
244 245
244 246
244 247
244 248
245 54
245 14
245 15
245 16
246 17
247 57
248 139
248 140
249 148
249 21
250 251
250 252
250 253
250 254
250 255
251 107
251 108
251 29
251 30
252 74
253 75
254 73
255 93
256 257
257 321
257 210
258 259
258 260
259 277
260 396
261 262
262 3
263 147
264 114
265 41
265 77
265 78
266 267
267 371
268 45
269 68
270 48
271 272
272 85
273 35
274 275
274 276
275 289
275 370
275 409
275 263
275 352
276 388
276 389
276 390
277 318
278 88
279 274
279 223
280 294
281 282
282 393
283 284
283 285
283 286
283 287
284 135
285 137
286 136
287 138
288 82
288 79
289 146
289 141
289 144
290 291
291 346
292 46
292 87
293 89
294 1
294 2
295 297
295 298
295 296
296 308
297 335
298 344
298 342
298 343
298 336
299 20
300 178
301 194
302 303
303 309
304 106
305 306
306 233
306 372
306 312
307 104
308 185
308 186
309 412
310 12
311 8
312 110
313 301
313 317
313 314
313 315
313 316
313 221
314 197
315 196
315 199
316 193
317 195
318 44
319 58
320 18
321 322
321 323
322 36
323 188
324 325
324 326
324 327
324 328
324 329
324 330
324 331
324 332
324 271
324 244
325 419
325 356
325 368
325 340
325 278
325 406
325 310
325 351
326 355
326 270
326 273
326 373
326 378
326 414
327 337
328 410
329 307
330 299
331 385
331 386
331 387
331 264
331 207
331 369
331 339
331 249
331 382
331 383
331 384
332 418
332 357
332 391
332 201
332 300
332 397
332 365
332 405
332 341
332 408
332 218
333 334
334 320
335 134
336 19
337 94
338 4
339 122
339 132
339 133
340 49
341 162
341 180
342 150
343 91
344 149
345 83
346 347
347 394
347 395
347 269
347 229
348 350
348 349
348 230
349 374
350 256
351 97
351 98
351 95
351 96
352 143
353 305
354 42
355 34
356 9
356 11
357 99
358 359
359 28
360 250
360 205
360 413
361 313
361 358
362 283
363 208
364 219
365 159
366 367
366 279
367 240
368 26
368 27
369 76
370 142
371 400
372 338
373 55
374 235
375 417
376 402
376 403
377 292
378 56
379 364
380 202
381 43
381 37
381 39
382 131
383 127
384 113
384 121
384 123
384 124
384 126
384 128
385 129
385 125
386 130
387 120
388 65
388 66
388 59
388 60
388 61
388 62
388 64
389 63
390 84
391 177
392 71
392 72
393 226
394 69
395 67
396 215
397 179
397 172
397 173
398 354
398 228
398 103
398 265
398 407
398 381
399 105
399 22
400 377
400 401
401 293
401 239
402 53
403 50
403 51
404 290
404 302
405 163
405 164
405 165
405 167
405 169
405 171
405 109
405 174
405 175
405 176
405 182
405 158
405 160
406 10
407 102
407 40
408 170
408 168
408 200
409 145
410 118
411 80
412 92
412 399
413 222
414 47
415 258
415 363
415 366
415 281
415 380
415 416
416 379
417 52
418 183
418 184
419 13
420 266
420 348
420 404
420 421
420 415
421 353
