100 53
101 83
103 0
103 57
104 105
104 106
105 154
105 139
106 72
106 117
107 80
107 50
107 4
107 36
107 63
108 112
108 109
108 110
108 111
110 129
110 130
111 49
111 60
111 71
111 23
112 51
112 101
112 102
114 75
114 55
115 116
115 84
115 5
115 94
118 35
118 11
119 68
120 17
120 12
120 159
121 41
122 40
122 22
122 87
122 86
122 39
123 69
123 135
124 16
124 28
124 61
124 151
125 88
125 42
125 43
126 31
127 1
127 91
130 141
130 150
131 62
131 82
131 54
132 136
132 33
133 131
133 92
133 70
134 98
134 46
135 8
135 161
135 156
135 113
136 96
136 56
136 59
136 52
136 47
137 19
137 15
139 73
139 67
140 97
140 34
141 104
141 145
141 144
141 142
141 143
142 160
142 99
142 77
109 115
109 119
109 120
109 121
109 122
109 123
109 124
144 128
144 137
144 107
144 147
144 149
144 158
144 126
145 152
145 138
146 18
146 14
147 148
147 114
147 3
147 140
147 125
148 66
149 21
150 2
150 118
150 134
151 9
151 10
152 27
152 44
152 29
152 78
153 32
154 153
154 127
155 64
155 38
156 48
156 89
156 58
157 24
157 146
157 6
157 7
158 74
159 76
159 37
160 162
160 157
160 79
161 81
161 90
161 13
162 26
162 45
113 85
116 25
116 20
117 30
117 95
128 65
129 132
129 133
138 93
143 155
102 100
102 103
