1 0
2 0
3 0
4 0
5 0
6 0
7 0
8 0
9 0
10 0
11 0
12 0
13 0
14 0
15 0
16 0
17 0
18 0
19 0
20 0
21 0
22 0
23 11
24 1
25 22
26 11
27 1
28 8
29 7
30 11
31 21
32 22
33 1
34 19
35 11
36 1
37 17
38 22
39 11
40 8
41 7
42 1
43 2
44 6
45 14
46 11
47 21
48 22
49 4
50 11
51 1
52 19
53 8
54 9
55 22
56 11
57 1
58 7
59 11
60 1
61 10
62 17
63 21
64 22
65 11
66 8
67 1
68 19
69 22
70 11
71 7
72 1
73 2
74 3
75 6
76 14
77 16
78 11
79 21
80 22
81 1
82 11
83 8
84 4
85 7
86 11
87 1
88 17
89 22
90 19
91 11
92 1
93 8
94 9
95 21
96 22
97 11
98 1
99 7
100 11
101 22
102 1
103 2
104 6
105 14
106 11
107 19
108 8
109 1
110 10
111 17
112 21
113 22
114 11
115 7
116 1
117 11
118 4
119 22
120 8
121 11
122 1
123 19
124 21
125 22
126 11
127 7
128 1
129 11
130 1
131 2
132 3
133 5
134 6
135 8
136 9
137 14
138 15
139 16
140 17
141 18
142 20
143 22
144 12
145 13
146 11
147 1
148 7
149 11
150 21
151 22
152 19
153 1
154 11
155 8
156 22
157 4
158 11
159 1
160 7
161 1
162 10
163 17
164 21
165 22
166 8
167 19
168 1
169 2
170 6
171 14
172 22
173 7
174 1
175 8
176 9
177 21
178 22
179 1
180 19
181 1
182 17
183 22
184 7
185 4
186 8
187 1
188 21
189 22
190 12
191 13
192 1
193 2
194 3
195 6
196 14
197 16
198 7
199 22
200 19
201 1
202 8
203 1
204 10
205 17
206 21
207 22
208 7
209 1
210 8
211 9
212 22
213 19
214 1
215 4
216 21
217 22
218 13
219 1
220 2
221 6
222 14
223 7
224 8
225 1
226 17
227 22
228 19
229 1
230 21
231 22
232 13
233 7
234 8
235 1
236 22
237 13
238 1
239 13
240 13
241 13
242 13
243 13
244 13
245 13
246 13
247 13
248 13
249 13
250 13
251 207
252 212
253 207
254 227
255 231
256 25
257 48
258 212
259 217
260 207
261 69
262 156
263 38
264 64
265 113
266 207
267 212
268 227
269 231
270 25
271 48
272 207
273 212
274 217
275 165
276 207
277 227
278 69
279 156
280 231
281 25
282 212
283 207
284 96
285 38
286 48
287 64
288 113
289 207
290 212
291 217
292 227
293 207
294 231
295 179
296 203
297 238
298 202
299 210
300 25
301 48
302 212
303 69
304 156
305 207
306 227
307 38
308 207
309 212
310 217
311 231
312 25
313 33
314 81
315 87
316 92
317 102
318 116
319 122
320 128
321 130
322 147
323 153
324 159
325 161
326 168
327 174
328 181
329 187
330 192
331 201
332 209
333 214
334 219
335 225
336 229
337 235
338 73
339 103
340 169
341 74
342 132
343 194
344 84
345 118
346 157
347 44
348 134
349 170
350 99
351 127
352 173
353 184
354 198
355 108
356 120
357 135
358 155
359 175
360 186
361 224
362 234
363 94
364 176
365 61
366 110
367 23
368 56
369 114
370 129
371 158
372 90
373 107
374 123
375 152
376 167
377 180
378 200
379 213
380 228
381 31
382 216
383 32
384 48
385 64
386 113
387 119
388 143
389 165
390 183
391 207
392 144
393 190
394 145
395 218
396 232
397 240
398 239
399 241
400 242
401 243
402 244
403 212
404 227
405 207
406 69
407 156
408 231
409 25
410 212
411 217
412 207
413 96
414 38
415 48
416 227
417 207
418 212
419 231
420 25
421 64
422 113
423 207
424 69
425 156
426 212
427 217
428 48
429 227
430 207
431 212
432 55
433 80
434 89
435 101
436 125
437 151
438 165
439 172
440 178
441 189
442 199
443 207
444 231
445 236
446 191
447 237
448 245
449 246
450 247
451 248
452 249
453 250
454 27
455 42
456 51
457 57
458 60
459 67
460 72
461 98
462 109
463 179
464 203
465 238
466 43
467 131
468 193
469 220
470 49
471 185
472 215
473 133
474 75
475 104
476 195
477 221
478 29
479 41
480 58
481 71
482 85
483 115
484 148
485 160
486 208
487 223
488 233
489 28
490 40
491 53
492 66
493 83
494 93
495 166
496 202
497 210
498 54
499 136
500 211
501 162
502 204
503 26
504 30
505 35
506 39
507 46
508 50
509 59
510 65
511 70
512 78
513 82
514 86
515 91
516 97
517 100
518 106
519 117
520 121
521 126
522 146
523 149
524 154
525 45
526 76
527 105
528 137
529 171
530 196
531 222
532 138
533 77
534 139
535 197
536 37
537 62
538 88
539 111
540 140
541 163
542 182
543 205
544 226
545 141
546 34
547 52
548 68
549 142
550 47
551 63
552 79
553 95
554 112
555 124
556 150
557 164
558 177
559 188
560 206
561 230
562 25
563 38
564 207
565 227
566 48
567 212
568 217
569 69
570 156
571 64
572 113
573 207
574 231
575 25
576 212
577 207
578 227
579 96
580 38
581 48
582 207
583 212
584 217
585 231
586 25
587 69
588 156
589 207
590 227
591 212
592 64
593 113
594 119
595 143
596 165
597 183
598 207
599 144
600 190
601 145
602 218
603 232
604 240
605 239
606 241
607 242
608 243
609 244
610 24
611 33
612 36
613 81
614 87
615 92
616 102
617 116
618 122
619 128
620 130
621 147
622 153
623 159
624 161
625 168
626 174
627 181
628 187
629 192
630 201
631 209
632 214
633 219
634 225
635 229
636 235
637 73
638 103
639 169
640 74
641 132
642 194
643 84
644 118
645 157
646 44
647 134
648 170
649 99
650 127
651 173
652 184
653 198
654 108
655 120
656 135
657 155
658 175
659 186
660 224
661 234
662 94
663 176
664 61
665 110
666 23
667 56
668 114
669 129
670 158
671 90
672 107
673 123
674 152
675 167
676 180
677 200
678 213
679 228
680 31
681 216
682 32
683 48
684 25
685 231
686 212
687 217
688 207
689 38
690 227
691 207
692 69
693 156
694 212
695 48
696 179
697 203
698 238
699 202
700 210
701 25
702 207
703 231
704 227
705 212
706 217
707 64
708 113
709 207
710 48
711 96
712 38
713 207
714 212
715 231
716 25
717 69
718 156
719 227
720 165
721 207
722 212
723 217
724 207
725 48
726 231
727 25
728 227
729 212
730 64
731 113
732 207
733 38
734 69
735 156
736 207
737 212
738 217
739 48
740 231
741 25
742 227
743 207
744 212
745 207
746 744
747 691
748 439
749 591
750 259
751 704
752 264
753 718
754 441
755 442
756 391
757 412
758 430
759 443
760 577
761 582
762 589
763 576
764 714
765 722
766 729
767 737
768 744
769 403
770 274
771 291
772 310
773 427
774 568
775 584
776 687
777 706
778 723
779 254
780 268
781 306
782 416
783 690
784 719
785 728
786 742
787 294
788 311
789 408
790 419
791 444
792 574
793 715
794 726
795 740
796 445
797 575
798 691
799 695
800 710
801 725
802 739
803 432
804 287
805 385
806 421
807 571
808 592
809 707
810 730
811 261
812 278
813 303
814 406
815 424
816 569
817 587
818 692
819 717
820 734
821 433
822 434
823 284
824 413
825 579
826 711
827 435
828 265
829 288
830 386
831 422
832 572
833 593
834 708
835 731
836 387
837 594
838 436
839 388
840 595
841 437
842 262
843 279
844 304
845 407
846 425
847 570
848 588
849 693
850 735
851 275
852 389
853 438
854 596
855 720
856 439
857 440
858 390
859 597
860 251
861 253
862 260
863 266
864 272
865 276
866 283
867 289
868 293
869 305
870 308
871 405
872 417
873 423
874 564
875 573
876 598
877 688
878 702
879 709
880 713
881 721
882 724
883 732
884 736
885 743
886 745
887 252
888 258
889 267
890 273
891 282
892 290
893 302
894 309
895 410
896 418
897 426
898 431
899 567
900 583
901 591
902 686
903 694
904 705
905 744
906 259
907 411
908 738
909 277
910 292
911 404
912 429
913 565
914 578
915 590
916 704
917 255
918 269
919 280
920 585
921 685
922 703
923 256
924 270
925 281
926 300
927 312
928 409
929 420
930 562
931 586
932 684
933 701
934 716
935 727
936 741
937 383
938 682
939 263
940 285
941 307
942 414
943 563
944 580
945 689
946 712
947 733
948 257
949 271
950 286
951 301
952 384
953 415
954 428
955 566
956 581
957 683
958 691
959 264
960 718
961 441
962 442
963 391
964 412
965 430
966 443
967 577
968 582
969 589
970 576
971 714
972 722
973 729
974 737
975 744
976 403
977 274
978 291
979 310
980 427
981 568
982 584
983 687
984 706
985 723
986 254
987 268
988 306
989 416
990 690
991 719
992 728
993 742
994 294
995 311
996 408
997 419
998 444
999 574
1000 715
1001 726
1002 740
1003 445
1004 575
1005 439
1006 591
1007 259
1008 704
1009 691
1010 744
